% 025, 030, 038, 039, 063, 064, 067, 068, 070, 071, 075, 080, 083, 116, 129, 130, 002, 004, 010, 013, 014, 021, 022, 023, 032, 033, 045, 050, 052, 060, 061, 069, 089, 090, 120, 122, 125, 127),
            % (025, 6682.380637095664)
            % (030, 6261.885846384514)
            % (038, 6374.622166856053)
            % (039, 6343.389175449024)
            % (063, 6317.491678217954)
            % (064, 6444.973177012747)
            % (067, 6584.547533220229)
            % (068, 6170.710332699819)
            % (070, 5755.424569124796)
            % (071, 6263.976143750389)
            % (075, 33.07647837921981)
            % (080, 6929.067173191842)
            % (083, 6843.601093757734)
            % (116, 6312.831483753155)
            % (129, 6749.361103468278)
            % (130, 6385.701217154731)
            % (002, 6785.347915359264)
            % (004, 6495.086963583928)
            % (010, 6499.828999629824)
            % (013, 4502.64423084725)
            % (014, 6377.784524076263)
            % (021, 6602.1664954078915)
            % (022, 6651.83100290213)
            % (023, 6464.360053221938)
            % (032, 6552.48492491178)
            % (033, 6612.220285615394)
            % (045, 6640.372852640124)
            % (050, 6388.972523417667)
            % (052, 6425.812095761343)
            % (060, 6553.971770574005)
            % (061, 5780.733427037575)
            % (069, 6396.405145683985)
            % (089, 6315.818798936246)
            % (090, 6474.815948253211)
            % (120, 6392.677373364808)
            % (122, 6748.127902820656)
            % (125, 6390.643807529544)
            % (127, 6655.739052314481)